-2.77587244971
0 0
1 0
2 0
3 -0.0413531801473
4 -0.0499345313663
5 -0.0356993410379
6 -0.0290760408176
7 -0.00858987231148
8 -0.0100058825359
9 0.00915883124252
10 0.0146268523624
11 0.0255051243815
12 0.0202442301738
13 0.00962199467816
14 0.015849851384
15 0.0125955868638
16 0.0121709999052
17 -0.00388615118803
18 -0.0234377337479
19 -0.0266961300579
20 -0.0365750987533
21 -0.0391190356037
22 -0.0296660457316
23 -0.020680823191
24 -0.0205221695524
25 -0.0310300672417
26 -0.035425578318
27 -0.0338980980339
28 -0.0383218149173
29 -0.031747658457
30 -0.0170233335996
31 -0.023164167086
32 -0.0285900016359
33 -0.0222374066431
34 -0.0150532977652
35 -0.0143649097865
36 -0.0152898176923
37 -0.0105390631273
38 -0.00745036601642
39 -0.00919789053693
40 -0.0112183854364
41 -0.00623303381839
42 -0.00254948934523
43 0.00354984735456
44 0.00894765834692
45 0.0111895478254
46 0.00924755311316
47 0.00595941912475
48 0.00881261775414
49 0.0132645773442
50 0.0141469989805
51 0.0127968222939
52 0.0129664129227
53 0.010068907941
54 0.00982675741071
55 0.0107010722004
56 0.012232706054
57 0.0160202764456
58 0.0153732627917
59 0.0131313248012
60 0.00804781724886
61 0.00390472120304
62 -0.00269685802945
63 -0.00359816015065
64 0.00463141959395
65 0.00638579575189
66 0.00576658662549
67 0.0108917354399
68 0.0128237868444
69 0.0155665393282
70 0.0166140293162
71 0.0136611330231
72 0.00592483429741
73 0.00650187112421
74 0.00437122621977
75 -0.00323538334926
76 -0.00876881913376
77 -0.0121108157767
78 -0.0102078931942
79 -0.0104755296448
80 -0.0156824454147
81 -0.0130514851667
82 -0.013812490021
83 -0.0114910208047
84 -0.0187964837245
85 -0.0227645511939
86 -0.0210444801128
87 -0.00592368286957
88 -0.0120592090314
89 -0.0232755438308
90 -0.0265952444122
91 -0.0276307490153
92 -0.0269328578362
93 -0.0231186110383
94 -0.0239498707429
95 -0.0202912836452
96 -0.0142172019817
97 -0.0031547769643
98 0.00471427518084
99 -0.0013792975013
100 -0.00672327974344
101 -0.00412610216831
102 0.00716971410259
103 0.0114540038389
104 0.00659600431328
105 0.000886471012448
106 0.00813395756378
107 0.0119498638544
108 0.013024489645
109 0.0211626285276
110 0.0297841999184
111 0.0339965254137
112 0.0278755396196
113 0.018307250637
114 0.0170216358746
115 0.020464508028
116 0.0251307311287
117 0.0256939325982
118 0.0207733473478
119 0.01421817117
120 0.00769138233512
121 0.0144610409251
122 0.0214429286819
123 0.0146279226215
124 0.00663443664941
125 0.00370943087231
126 0.00645818448604
127 -0.000854458686869
128 -0.00306737845228
129 0.0071811521831
130 0.00948317838074
131 0.00933882253342
132 0.00646139644538
133 0.00891280723846
134 0.0120475890153
135 0.0111805292635
136 0.0127554504222
137 0.0125846073066
138 0.0182150454487
139 0.0101657496235
140 0.00568804141206
141 0.0109165890235
142 0.015993937856
143 0.0135057717119
144 0.00813690442039
145 0.00722395639523
146 0.00772036183106
147 0.01328982311
148 0.0104837864305
149 0.0144944666674
150 0.0177313241028
151 0.0163522894813
152 0.0132938783721
153 0.013814417111
154 0.0156281402598
155 0.0117336936496
156 0.00905527533192
157 0.00332490633866
158 -0.00309632680809
159 -0.00608830185341
160 -0.0112921984209
161 -0.0110160014884
162 -0.00430884685959
163 -0.00785407060074
164 -0.0066115689037
165 -0.00238353576087
166 -0.0057579995487
167 0.00277907443523
168 0.00940031283602
169 0.00820367342793
170 0.0110912338558
171 0.00811706454325
172 -0.00733183204246
173 -0.0130631880534
174 -0.0110241708762
175 -0.002927115114
176 -0.0107502057195
177 -0.0241109884163
178 -0.0200768759305
179 -0.00775910561653
180 -0.00511287428425
181 -0.00349468024037
182 -0.00244005626101
183 0
184 -0.0139748062419
185 -0.00971008939934
186 -0.00833146264464
187 0.00443666266015
188 0.0165689795658
189 0.0129622858006
190 0.00125315901533
191 0.00114197801924
192 0.00248529396986
193 0.012391192872
194 0.0236716337354
195 0.020656579755
196 0.0241522369371
197 0.0171034420199
198 0.0242131647237
199 0.0322054328064
200 0.0216106811015
201 0.0126898582143
202 0.00519933947619
203 -0.00513415257929
204 0.00119771702921
205 0.00185049478809
206 0.00374028471839
207 0.0060354156304
208 0.00717368070592
209 0.00915796707847
210 0.00878283793558
211 0.004027048179
212 0.00743643495803
213 0.00599198545211
214 0.00759823844503
215 0.0144799849849
216 0.0027733387139
217 -0.00765628351058
218 -0.00139081501661
219 -0.000261949522362
220 0.00764848967421
221 0.0184673409079
222 0.0214660346597
223 0.00706246146601
224 0.00456941254588
225 -0.000465459040091
226 0.00503313825434
227 0.00438777134886
228 0.00607004983751
229 0.00643130943338
230 0.00400337843185
231 -0.000153622918955
232 0.0017177435945
233 0.00150995504501
234 -0.00729239267188
235 -0.0100538698675
236 -0.00671533878396
237 -0.00822475243688
238 -0.00392502422748
239 -0.0152822546863
240 0
241 0
242 0
243 0
244 0
245 0
246 0
247 0
248 0
249 0
250 0
251 0
252 0
253 0
254 0
255 0
256 -0.000143786247395
257 -0.00487124854963
258 0
259 -0.0132223139103
260 -0.0115064875293
261 -0.0138297016548
262 -0.00540685782486
263 -0.00346514934634
264 -0.0011362797073
265 0.00477635948586
266 0.00303675409409
267 0.00118757559283
268 0.00171342753027
269 0.0065628348441
270 0.00946127326014
271 0.00489050374321
272 0.00748523596967
273 0.0184930604637
274 0.0317258893475
275 0.0368518630319
276 0.0355086258677
277 0.0330090316058
278 0.0264816540153
279 0.0249989729476
280 0.0153576243672
281 0.0224382993964
282 0.0228803914569
283 0.0209270742646
284 0
285 0.00958525502619
286 0.00371337266491
287 0.00185153766143
288 -0.000315751071783
289 -0.00405626484802
290 0
291 0
292 0
293 0
294 0
295 0
296 0
297 0
298 0
299 0
300 0
301 -0.00859269175598
302 -0.0159239042087
303 -0.00194919571684
304 0.00814201253875
305 -0.0107834239512
306 -0.0182699261168
307 0
308 -0.0119589486666
309 -0.00134407198482
310 -0.00837530128962
311 -0.0142763067202
312 -0.0100728245952
313 -0.0119635966158
314 -0.0241827367038
315 -0.0223224013738
316 -0.0240035103678
317 -0.0323950051371
318 -0.0443329301738
319 -0.039328401724
320 -0.0442061061967
321 -0.0520392705908
322 0
323 -0.00638064713522
324 0.00653173869395
325 0.00275502846838
326 -0.00570076153886
327 -0.00703751333815
328 -0.00850400478596
329 -0.00695233785832
330 -0.00420783152004
331 0
332 0
333 0
334 0
335 0
336 0
337 0
338 0
339 0
340 0
341 0
342 0
343 0
344 0
345 0
346 0
347 0
348 0
349 0
350 0
351 0
352 0
353 0
354 0
355 0.000699252610568
356 0.00304181520533
357 0.0115739442003
358 0.0186747139238
359 0.0160016113431
360 0.00754872590995
361 0.00758592153476
362 0.00273542179651
363 0.00818383477154
364 0.00962388232155
365 0.00827334949703
366 -0.00215063909501
367 0.00368562824847
368 0.00470916489001
369 0.00257421941417
370 -0.000925374600629
371 -0.0123428412903
372 -0.0189151472367
373 -0.0152229216132
374 -0.00812000801334
375 -0.00614930366297
376 -0.00854443709093
377 -0.0168858428361
378 -0.0155101221247
379 -0.0172502348006
380 -0.0327998268147
381 0
382 0
383 0
384 0
385 0
386 0
387 0
388 0
389 0
390 0
391 0
392 0
393 0
394 0
395 0
396 0
397 0
398 0
399 0
400 0
401 0
402 0
403 0
404 0
405 0
406 0
407 0
408 0
409 0
410 0
411 0
412 0
413 0
414 0
415 0
416 0
417 0
418 0
419 0
420 0
421 0
422 0
423 0
424 0
425 0
426 0
427 0
428 0
429 0
430 0
431 0
432 0
433 0
434 0
435 0
436 0
437 0
438 0
439 0
440 0
441 0
442 0
443 0
444 0
445 0
446 0
447 0
448 0
449 0
450 0
451 0
452 0
453 0
454 0
455 0
456 0
457 0
458 0
459 0
460 0
461 0
462 0
463 0
464 0
465 0
466 0
467 0
468 0
469 0
470 0
471 0
472 0
473 0
474 0
475 0
476 0
477 0
478 0
479 0
480 0
481 0
482 0
483 0
484 0
485 0
486 0
487 0
488 0
489 0
490 0
491 0
492 0
493 0
494 0
495 0
496 0
497 0
498 0
499 0
500 0
501 0
502 0
503 0
504 0
505 0
506 0
507 0
508 0
509 0
510 0
511 0
