-9.3450115644e-05
0 0.0
1 0.0
2 0.0
3 -0.000450700284451
4 -0.000988336943354
5 -2.05142839094e-05
6 0.000159938633308
7 0.000424246721668
8 1.27438517323e-05
9 -0.000127546137962
10 0.000233511719872
11 0.000374141801594
12 -3.73014562905e-05
13 0.000303364812857
14 -0.000249894365576
15 -0.000700267635738
16 0.000372038298973
17 0.000150034973795
18 3.57036652169e-05
19 0.000233703188746
20 -0.000440327759114
21 -0.000510385046113
22 0.000587714376873
23 -0.000221889186151
24 -0.000537421837399
25 0.000419245432687
26 -0.00016111332976
27 -0.000244906036921
28 4.7581395513e-06
29 0.000347223022328
30 4.99848661094e-05
31 -0.000356562201915
32 0.000105257401849
33 -0.00156737650748
34 0.000983821627931
35 0.000235008891149
36 -0.000605489507053
37 0.000170511549264
38 -8.75838145997e-05
39 -0.000408500657154
40 0.000315586329914
41 0.00011294729843
42 -0.000138372893586
43 -4.3612738452e-05
44 9.00226345845e-05
45 0.00011281006291
46 -0.00013070134606
47 1.26050780869e-05
48 5.18617507435e-05
49 -8.67575064662e-05
50 0.00010712995861
51 -1.63368285457e-05
52 2.05167864261e-05
53 -6.12407933082e-05
54 5.6440047438e-05
55 5.41023609205e-05
56 -9.3782654513e-05
57 6.65224274103e-05
58 7.42490174459e-05
59 5.36495437293e-05
60 -4.49428604783e-05
61 -9.7314468833e-05
62 0.000174101429117
63 -0.000215007581181
64 1.91872130622e-05
65 0.000342381347802
66 -0.000343611419398
67 2.21739816082e-05
68 0.00016222258886
69 -0.000204763031545
70 9.04138040609e-05
71 0.000131904256489
72 -0.000126752318528
73 -7.55744500915e-05
74 0.000186214935338
75 1.57800363148e-05
76 3.16415687518e-05
77 -8.62030412389e-05
78 -9.2024466359e-05
79 0.000239474067603
80 -6.22004330278e-05
81 -0.000108834954998
82 0.000183411838468
83 -0.000104483039646
84 -6.45838464791e-05
85 -9.2029790534e-05
86 -9.11518114134e-05
87 1.81690697121e-05
88 0.000173448821712
89 2.97351066144e-05
90 0.00016078200404
91 4.8287246685e-06
92 -0.00034549355569
93 -0.000284215372711
94 0.000435746475808
95 4.39698092214e-05
96 -0.000415276094969
97 0.000510281560216
98 -0.000183432810315
99 -0.000242442074574
100 0.000437084664265
101 -0.000433663418044
102 0.00013763185605
103 0.00022963579392
104 1.23035888485e-05
105 -5.04680791637e-05
106 -0.000192775913358
107 0.000352960595706
108 -0.000346995315502
109 -4.74801115366e-05
110 0.000474569802474
111 -0.000102171289844
112 0.000104147839168
113 3.72910676065e-05
114 -0.000233379232292
115 -4.24925535497e-05
116 0.0004087701486
117 -0.000314679892483
118 -4.20481348612e-05
119 0.000410937477377
120 -0.000671886420648
121 -0.000104054617816
122 0.00084495512739
123 8.95190098188e-05
124 -0.000145543649865
125 -0.000444813148702
126 0.000739913943179
127 -0.000391319577751
128 -3.37521916432e-05
129 0.000259554705185
130 -0.000210269420229
131 7.52195636825e-06
132 0.000205795066241
133 -0.000209257272479
134 0.000103870281395
135 -0.000218294149519
136 0.000279023852609
137 2.84117188956e-05
138 -9.8741793024e-06
139 0.000421288591715
140 -0.000686382860226
141 0.000243960950016
142 0.000149354392857
143 -7.74171762699e-05
144 0.000167929394672
145 -0.000107845786342
146 -0.000195398126279
147 0.000202791335476
148 -0.000225906372209
149 0.000147235000173
150 -7.68414296078e-07
151 0.000272173005662
152 -0.000248266399421
153 -0.000141545206202
154 0.000388009770033
155 -4.85966582408e-05
156 -0.000148178208857
157 0.000121894196291
158 -4.51301156479e-05
159 -2.34604137039e-05
160 5.57383247687e-05
161 -0.000312382316484
162 0.000245354222721
163 3.34253857695e-05
164 -0.000110366342798
165 -0.000308735149051
166 0.000174565728235
167 0.00035910012608
168 -0.00051825251413
169 0.000268695112655
170 0.000124582464885
171 -0.000502913756157
172 0.000742265545693
173 -0.000323334924237
174 -0.000780242379299
175 0.00101179270745
176 3.48286625399e-05
177 -0.000865993524743
178 1.57779092382e-05
179 -0.000165399609039
180 -0.000398623054741
181 0.000191149051703
182 0.000134884923127
183 0.000211062365676
184 -5.42368237722e-05
185 0.000119276961369
186 -0.000612743332648
187 0.000484461517237
188 -0.000145253213926
189 -1.27635998238e-05
190 0.000460794548005
191 -0.000208417702926
192 -0.000427127460341
193 0.000523346866286
194 -8.05499793878e-05
195 -0.00078536376923
196 0.000756238089676
197 0.000162449567414
198 -0.000758704390241
199 0.000741864839799
200 2.43434543998e-06
201 -0.000181155841798
202 -1.59902930565e-05
203 -3.51972728013e-05
204 9.35896604383e-05
205 6.38723440019e-05
206 -0.000453245950796
207 3.2218632248e-05
208 0.000286934221648
209 -9.3999693849e-05
210 -0.000434827513201
211 0.000879139946962
212 -0.000598977974931
213 0.000148365325838
214 -7.33136525419e-05
215 -0.000137596232453
216 0.000482188907887
217 -0.000424175375624
218 -0.000232064891519
219 0.000674632447496
220 -0.000610584366818
221 0.000314619680653
222 0.000232739061152
223 -0.000677759794815
224 0.000365805670711
225 -0.000156481703232
226 0.000135458255017
227 -8.0573110797e-05
228 -9.81760867241e-05
229 0.000317526417568
230 -0.000149110197871
231 -0.000255273114852
232 9.85287994285e-06
233 0.000356120853798
234 -5.88163058569e-05
235 -0.000247449263584
236 0.000117856731907
237 -1.61700343127e-05
238 0.000146352940619
239 -0.000294617756183
240 9.64974891148e-05
241 -6.71968768824e-05
242 0.000144706329672
243 0.00026736605754
244 -0.000216308883327
245 -0.000143844029005
246 0.000529091730824
247 -0.000120190614482
248 -0.000767699471878
249 0.000933481752142
250 0.000143158281386
251 -0.0012035585534
252 0.000895150081215
253 -0.000183630192061
254 -0.000247871907323
255 0.000395704357062
256 -0.00018307345503
257 2.04965455099e-05
258 -4.114534963e-06
259 7.94134615279e-05
260 0.000301594766576
261 -0.00023773830237
262 8.05049989509e-05
263 -8.37560873061e-05
264 5.91083516538e-05
265 2.74878491793e-05
266 -0.000295373355807
267 5.42229780555e-05
268 0.000260974005966
269 -0.000462201224891
270 0.000130629008152
271 0.000284024134299
272 -9.67666891038e-05
273 3.96641559725e-05
274 0.000266449538059
275 0.000153715311704
276 -0.000522899257093
277 0.000225319532193
278 0.00032870522957
279 -0.000213440459047
280 -0.000161018227245
281 0.000275766757723
282 -0.00064452531556
283 0.000687256041724
284 -0.000156604989969
285 -0.000210289210512
286 0.000441194093817
287 -0.000104961611262
288 -0.00032119815718
289 0.000337190703739
290 0.000519301237026
291 -0.0010240246881
292 0.000540853521191
293 0.000437877833792
294 -0.000790586064471
295 0.000121243918101
296 0.000224947226484
297 -0.000364012950984
298 0.000428184294656
299 0.000198996578272
300 -0.000106510889036
301 -2.9723870437e-05
302 -0.000115336222111
303 -3.6370926625e-05
304 0.000422465914884
305 -0.000265480491373
306 -5.64748087174e-06
307 0.000376755751044
308 -0.000399337003603
309 -3.1967377617e-05
310 0.000173456702385
311 -0.000113727848066
312 -4.19057369802e-05
313 0.000399617650665
314 -0.000359549044613
315 5.2507592056e-06
316 0.000401117713189
317 -0.000463065151492
318 -0.000539524770531
319 0.000754143684208
320 0.000210047220361
321 -0.000869119681844
322 0.000352992235257
323 0.0003854176822
324 -0.000349082941318
325 0.0001629871918
326 1.6829820689e-05
327 -0.000512900249779
328 0.000598962050662
329 -0.000328147238444
330 2.30973212294e-06
331 -2.32913606377e-05
332 8.54813880373e-05
333 2.62443721859e-05
334 -0.000193720746598
335 0.000530150192299
336 -0.000552473878618
337 -8.50792056342e-05
338 0.000424898232432
339 -0.000687148030116
340 0.00037824962588
341 0.000178834529845
342 -0.00014223045696
343 -8.34859218376e-05
344 0.000152214140086
345 0.000400446756875
346 -0.000329335204761
347 -4.8049890442e-05
348 0.000424485523849
349 -0.00032307601392
350 -9.11889613607e-05
351 0.000376309624471
352 -0.000485182669846
353 0.000139639050308
354 2.97599397827e-05
355 0.000198623983347
356 3.70293806599e-05
357 -0.000751921883911
358 0.000682809927012
359 0.000168324767282
360 -0.000682218788885
361 0.000428507458298
362 9.33743289405e-05
363 -0.000334992367043
364 8.6291156632e-05
365 9.03486272962e-05
366 8.2668293073e-05
367 -9.24317523219e-05
368 -0.000135364464895
369 0.000136240121122
370 2.66006884922e-05
371 -0.000164914518925
372 0.000173007914314
373 -0.000181732425477
374 2.40990330624e-05
375 0.000146114608448
376 -9.72327224268e-05
377 -5.17905172148e-05
378 -9.12060567896e-05
379 0.000174037572661
380 -4.56141450454e-05
381 -9.08224335321e-05
382 0.000128445302687
383 0.000220285959973
384 -0.00021648674209
385 -5.27649966622e-05
386 0.00033737130509
387 -0.000449019087891
388 5.98982811749e-05
389 0.000675334243479
390 -0.000591550821325
391 0.00039398601952
392 -0.000218769119423
393 -0.000428956671152
394 0.000708778816388
395 -0.000241447359725
396 -6.17193843289e-05
397 -0.000360490634497
398 0.000694276621825
399 0.000263263445343
400 -0.000510862658259
401 1.86163676415e-05
402 0.000105196792049
403 0.000409949320723
404 -0.000642738751083
405 0.000208904515648
406 -0.000129128097144
407 -0.000148240702157
408 -0.000242122348515
409 0.00116898820915
410 -0.000768276092942
411 -0.000351229439365
412 -0.000170780195671
413 0.000327669869183
414 0.000182707833215
415 -0.000685796707293
416 0.000595782617664
417 0.000274145760767
418 -0.000888859937216
419 0.000841916152278
420 -0.00023130767656
421 -0.00024888499008
422 4.00093589831e-05
423 0.000325104637159
424 -0.000392393915634
425 -0.000172959310042
426 -0.000141245987222
427 0.000400584080941
428 -0.000304885724835
429 0.000113407955065
430 0.0004321367894
431 -0.000249651052798
432 -0.000482208833944
433 0.00059790214442
434 -5.1762288359e-05
435 -0.000215405004174
436 0.000252317132242
437 -0.000450464797796
438 -8.68921671115e-05
439 0.000453881585369
440 -0.000471195001836
441 -0.000162688550171
442 0.00063467144481
443 -0.000425419341463
444 -0.000155962239517
445 0.00084215225228
446 -0.000766229823539
447 0.000513709068256
448 -0.000503945454638
449 0.000620908067078
450 0.000258432650617
451 -0.000891968165565
452 -8.46361409584e-05
453 0.000487558626626
454 -0.000548657117433
455 -0.000467078080067
456 0.00129840792915
457 0.000211245907763
458 -0.00105358000427
459 -0.000284145322431
460 0.00029215902202
461 0.000199555990474
462 -0.000229097729267
463 -5.64318132276e-05
464 -0.000588722173377
465 0.000966594106963
466 0.000281470988703
467 -0.00130058063089
468 -0.000154823380392
469 0.000322590939574
470 -4.9749994077e-05
471 0.000245719397218
472 -0.00138926706637
473 0.00185892433834
474 -0.0014655905757
475 -0.000174433576081
476 0.000903997959665
477 -0.000552209693444
478 -0.000233219169169
479 0.000667416499269
480 -0.000345578436631
481 -0.000773320832849
482 -0.000133463468117
483 0.00110293173808
484 -0.00169413951352
485 0.000836941852069
486 -0.000163108660049
487 0.00120054783539
488 -0.00034601431445
489 -0.00125000501719
490 0.00151373257059
491 -0.00135295398471
492 0.000407958866101
493 0.000990470311529
494 -0.00113769720773
495 0.000400051170214
496 0.00101174476885
497 -0.00171101102004
498 -0.000347739088486
499 0.00144884012603
500 -0.00218263065004
501 0.00119670137796
502 0.00134091800986
503 -0.00219404905539
504 0.00236518375729
505 -0.00102395663336
506 -0.00195130142573
507 0.000687466292601
508 0.00134607024565
509 -0.00061034325558
510 -0.000211750024462
511 8.60989411128e-05
512 0.000107978589356
513 0.0
514 0.0
515 0.0
516 0.0
517 0.0
518 0.0
519 0.0
520 0.0
521 0.0
522 0.0
523 0.0
524 0.0
525 0.0
526 0.0
527 0.0
528 0.0
529 0.0
530 0.0
531 0.0
532 0.0
533 0.0
534 0.0
535 0.0
536 0.0
537 0.0
538 0.0
539 0.0
540 0.0
541 0.0
542 0.0
543 0.0
544 0.0
545 0.0
546 0.0
547 0.0
548 0.0
549 0.0
550 0.0
551 0.0
552 0.0
553 0.0
554 0.0
555 0.0
556 0.0
557 0.0
558 0.0
559 0.0
560 0.0
561 0.0
562 0.0
563 0.0
564 0.0
565 0.0
566 0.0
567 0.0
568 0.0
569 0.0
570 0.0
571 0.0
572 0.0
573 0.0
574 0.0
575 0.0
576 0.0
577 0.0
578 0.0
579 0.0
580 0.0
581 0.0
582 0.0
583 0.0
584 0.0
585 0.0
586 0.0
587 0.0
588 0.0
589 0.0
590 0.0
591 0.0
592 0.0
593 0.0
594 0.0
595 0.0
596 0.0
597 0.0
598 0.0
599 0.0
600 0.0
601 0.0
602 0.0
603 0.0
604 0.0
605 0.0
606 0.0
607 0.0
608 0.0
609 0.0
610 0.0
611 0.0
612 0.0
613 0.0
614 0.0
615 0.0
616 0.0
617 0.0
618 0.0
619 0.0
620 0.0
621 0.0
622 0.0
623 0.0
624 0.0
625 0.0
626 0.0
627 0.0
628 0.0
629 0.0
630 0.0
631 0.0
632 0.0
633 0.0
634 0.0
635 0.0
636 0.0
637 0.0
638 0.0
639 0.0
640 0.0
641 0.0
642 0.0
643 0.0
644 0.0
645 0.0
646 0.0
647 0.0
648 0.0
649 0.0
650 0.0
651 0.0
652 0.0
653 0.0
654 0.0
655 0.0
656 0.0
657 0.0
658 0.0
659 0.0
660 0.0
661 0.0
662 0.0
663 0.0
664 0.0
665 0.0
666 0.0
667 0.0
668 0.0
669 0.0
670 0.0
671 0.0
672 0.0
673 0.0
674 0.0
675 0.0
676 0.0
677 0.0
678 0.0
679 0.0
680 0.0
681 0.0
682 0.0
683 0.0
684 0.0
685 0.0
686 0.0
687 0.0
688 0.0
689 0.0
690 0.0
691 0.0
692 0.0
693 0.0
694 0.0
695 0.0
696 0.0
697 0.0
698 0.0
699 0.0
700 0.0
701 0.0
702 0.0
703 0.0
704 0.0
705 0.0
706 0.0
707 0.0
708 0.0
709 0.0
710 0.0
711 0.0
712 0.0
713 0.0
714 0.0
715 0.0
716 0.0
717 0.0
718 0.0
719 0.0
720 0.0
721 0.0
722 0.0
723 0.0
724 0.0
725 0.0
726 0.0
727 0.0
728 0.0
729 0.0
730 0.0
731 0.0
732 0.0
733 0.0
734 0.0
735 0.0
736 0.0
737 0.0
738 0.0
739 0.0
740 0.0
741 0.0
742 0.0
743 0.0
744 0.0
745 0.0
746 0.0
747 0.0
748 0.0
749 0.0
750 0.0
751 0.0
752 0.0
753 0.0
754 0.0
755 0.0
756 0.0
757 0.0
758 0.0
759 0.0
760 0.0
761 0.0
762 0.0
763 0.0
764 0.0
765 0.0
766 0.0
767 0.0
768 0.0
769 0.0
770 0.0
771 0.0
772 0.0
773 0.0
774 0.0
775 0.0
776 0.0
777 0.0
778 0.0
779 0.0
780 0.0
781 0.0
782 0.0
783 0.0
784 0.0
785 0.0
786 0.0
787 0.0
788 0.0
789 0.0
790 0.0
791 0.0
792 0.0
793 0.0
794 0.0
795 0.0
796 0.0
797 0.0
798 0.0
799 0.0
800 0.0
801 0.0
802 0.0
803 0.0
804 0.0
805 0.0
806 0.0
807 0.0
808 0.0
809 0.0
810 0.0
811 0.0
812 0.0
813 0.0
814 0.0
815 0.0
816 0.0
817 0.0
818 0.0
819 0.0
820 0.0
821 0.0
822 0.0
823 0.0
824 0.0
825 0.0
826 0.0
827 0.0
828 0.0
829 0.0
830 0.0
831 0.0
832 0.0
833 0.0
834 0.0
835 0.0
836 0.0
837 0.0
838 0.0
839 0.0
840 0.0
841 0.0
842 0.0
843 0.0
844 0.0
845 0.0
846 0.0
847 0.0
848 0.0
849 0.0
850 0.0
851 0.0
852 0.0
853 0.0
854 0.0
855 0.0
856 0.0
857 0.0
858 0.0
859 0.0
860 0.0
861 0.0
862 0.0
863 0.0
864 0.0
865 0.0
866 0.0
867 0.0
868 0.0
869 0.0
870 0.0
871 0.0
872 0.0
873 0.0
874 0.0
875 0.0
876 0.0
877 0.0
878 0.0
879 0.0
880 0.0
881 0.0
882 0.0
883 0.0
884 0.0
885 0.0
886 0.0
887 0.0
888 0.0
889 0.0
890 0.0
891 0.0
892 0.0
893 0.0
894 0.0
895 0.0
896 0.0
897 0.0
898 0.0
899 0.0
900 0.0
901 0.0
902 0.0
903 0.0
904 0.0
905 0.0
906 0.0
907 0.0
908 0.0
909 0.0
910 0.0
911 0.0
912 0.0
913 0.0
914 0.0
915 0.0
916 0.0
917 0.0
918 0.0
919 0.0
920 0.0
921 0.0
922 0.0
923 0.0
924 0.0
925 0.0
926 0.0
927 0.0
928 0.0
929 0.0
930 0.0
931 0.0
932 0.0
933 0.0
934 0.0
935 0.0
936 0.0
937 0.0
938 0.0
939 0.0
940 0.0
941 0.0
942 0.0
943 0.0
944 0.0
945 0.0
946 0.0
947 0.0
948 0.0
949 0.0
950 0.0
951 0.0
952 0.0
953 0.0
954 0.0
955 0.0
956 0.0
957 0.0
958 0.0
959 0.0
960 0.0
961 0.0
962 0.0
963 0.0
964 0.0
965 0.0
966 0.0
967 0.0
968 0.0
969 0.0
970 0.0
971 0.0
972 0.0
973 0.0
974 0.0
975 0.0
976 0.0
977 0.0
978 0.0
979 0.0
980 0.0
981 0.0
982 0.0
983 0.0
984 0.0
985 0.0
986 0.0
987 0.0
988 0.0
989 0.0
990 0.0
991 0.0
992 0.0
993 0.0
994 0.0
995 0.0
996 0.0
997 0.0
998 0.0
999 0.0
1000 0.0
1001 0.0
1002 0.0
1003 0.0
1004 0.0
1005 0.0
1006 0.0
1007 0.0
1008 0.0
1009 0.0
1010 0.0
1011 0.0
1012 0.0
1013 0.0
1014 0.0
1015 0.0
1016 0.0
1017 0.0
1018 0.0
1019 0.0
1020 0.0
1021 0.0
1022 0.0
1023 0.0
