-0.210354418955
0 0
1 0
2 0
3 -0.000123557132256
4 -0.000216247524796
5 4.76021768794e-05
6 9.60411228534e-05
7 -0.000170095292508
8 -8.56621873433e-05
9 0.000338775812719
10 0.000198283547844
11 0.00017300720214
12 2.04228883282e-05
13 -0.000128220172079
14 -0.000134289030122
15 -9.51394154248e-05
16 -6.00371696737e-05
17 -6.44273743365e-05
18 -2.22865835736e-05
19 -0.000194783427879
20 -0.000304869515067
21 -0.000118771210657
22 -0.000521460068284
23 -0.000925937532102
24 -0.000371768356638
25 -0.000113018521879
26 -0.000163670313313
27 -0.000151405875194
28 -0.000113703928518
29 -0.000112908926249
30 -9.59090668168e-05
31 -4.12009030621e-05
32 -0.00027579008652
33 -0.000294111590508
34 -0.000202839580787
35 -0.000143297977756
36 -0.000172419397247
37 -0.000263614809942
38 -0.000124086447564
39 -0.000189535978418
40 -0.000122605647253
41 2.70954019502e-06
42 -1.70303118959e-05
43 1.56237406106e-06
44 -1.08102763403e-05
45 9.81641482218e-07
46 -7.97962303445e-06
47 -6.81307256297e-08
48 4.61767053352e-08
49 2.07645551487e-05
50 1.01407840065e-05
51 -1.21903607389e-06
52 -4.75303967097e-06
53 -1.04325157662e-05
54 -1.8866196423e-07
55 1.6255722129e-05
56 1.39796043159e-05
57 1.30712068506e-05
58 1.67242318199e-05
59 2.18139389436e-05
60 2.56507759421e-06
61 -7.6533406719e-06
62 -2.53049351826e-05
63 -3.73575159078e-05
64 6.39884537223e-06
65 2.29454432998e-05
66 -2.72754973473e-06
67 1.38914693633e-05
68 2.61600540668e-05
69 1.69326817919e-05
70 1.45221942333e-05
71 1.7728272643e-05
72 -5.55690383261e-07
73 1.13904952229e-05
74 1.04046935517e-05
75 9.23233410864e-06
76 -9.67350559496e-08
77 -1.73116275297e-05
78 -3.07725500159e-05
79 1.3628659526e-05
80 1.9311862468e-05
81 -1.65938321064e-05
82 -8.11607859363e-06
83 -1.49585083408e-06
84 -6.13301411067e-05
85 -4.74646053666e-05
86 -1.22334799632e-05
87 4.29389385668e-05
88 2.78018888111e-05
89 -4.75007884024e-05
90 6.73604685775e-06
91 -1.96124973909e-05
92 -7.47814154745e-05
93 -6.24794441635e-05
94 -6.30636568811e-05
95 -3.58362177299e-05
96 2.30966382958e-05
97 2.91941329098e-05
98 2.65544060178e-05
99 -2.63437791235e-05
100 3.47835479753e-05
101 -2.99413462069e-05
102 -3.33230000303e-06
103 1.04126408341e-05
104 1.35618951081e-05
105 5.47788614832e-06
106 -4.62738712811e-06
107 3.14044290818e-05
108 -1.01344723007e-05
109 1.75958183723e-05
110 4.51744512691e-05
111 1.88151676445e-05
112 1.53087632918e-05
113 -1.80442904214e-07
114 -2.72576480472e-05
115 1.04976370937e-05
116 3.43796405245e-05
117 5.13184247091e-06
118 -1.32670896621e-05
119 6.08383134251e-06
120 -3.78231351649e-06
121 1.17037456928e-05
122 0.000149173720198
123 9.21707037948e-05
124 2.45861041431e-05
125 -4.1255015254e-05
126 5.48516385981e-05
127 -7.55591247457e-06
128 1.84347667195e-05
129 2.90310701099e-05
130 -1.59959255023e-05
131 -2.59098411735e-05
132 -4.83998666514e-05
133 -6.58116037625e-05
134 1.49788638243e-05
135 -2.12635885757e-05
136 3.42882968189e-05
137 3.92281505224e-05
138 2.52734596952e-05
139 3.67294999704e-05
140 -2.62976265479e-05
141 -1.99313891099e-05
142 2.75650571482e-05
143 4.79119262619e-05
144 8.64081682617e-06
145 -4.52114506794e-05
146 -3.48860872379e-05
147 2.66708494102e-05
148 -6.38829817806e-06
149 3.2480558569e-05
150 1.77201833878e-05
151 2.7111122703e-05
152 1.5737522565e-05
153 -6.6232122026e-06
154 2.30390913584e-05
155 4.64110035046e-05
156 -3.21187744145e-06
157 -1.83029419889e-05
158 -1.42806288237e-05
159 -2.41219565061e-05
160 -4.00488089258e-08
161 -4.67807260182e-06
162 9.89426685851e-06
163 7.65554622975e-06
164 0
165 0
166 0
167 0
168 -4.19916002637e-06
169 6.48726288398e-05
170 4.47434661197e-05
171 0
172 0
173 0
174 0
175 0
176 0
177 0
178 0
179 0
180 0
181 0
182 0
183 0
184 0
185 0
186 0
187 0
188 0
189 0
190 0
191 0
192 0
193 0
194 0
195 0
196 0
197 0
198 0
199 0
200 0
201 -3.03312504368e-05
202 0
203 0
204 0
205 0
206 0
207 -1.19370525204e-05
208 -3.59634641484e-05
209 -2.8595481765e-05
210 -1.55829185257e-05
211 -1.16844809321e-05
212 4.95990310684e-05
213 4.33014748085e-06
214 2.44477628131e-05
215 -8.5952843153e-06
216 -1.40455884275e-05
217 -0.000103236271481
218 -5.6156363031e-05
219 4.11137908656e-06
220 4.49452125396e-05
221 1.84975382794e-05
222 1.34466418637e-05
223 -1.76240103699e-05
224 1.18534075332e-05
225 -1.65688666869e-05
226 6.35411713975e-06
227 1.99669374855e-05
228 1.29312010078e-05
229 2.52744869231e-06
230 -1.91850613754e-05
231 5.57559028531e-07
232 2.02667310292e-05
233 2.69903496594e-05
234 5.85031062245e-06
235 8.0194618159e-06
236 -3.45469662941e-05
237 -1.83021055223e-05
238 1.5728713997e-05
239 0
240 0
241 0
242 0
243 0
244 0
245 0
246 0
247 0
248 0
249 0
250 0
251 0
252 0
253 0
254 0
255 0
256 0
257 0
258 0
259 0
260 0
261 0
262 -7.09679029256e-05
263 -2.60387875026e-05
264 1.31051660913e-05
265 3.52022056967e-05
266 -8.92564095308e-06
267 -3.11587336962e-05
268 4.07429617271e-05
269 1.04041597358e-05
270 7.69153241875e-05
271 1.72790738688e-05
272 8.21694972951e-05
273 6.61656659264e-05
274 8.87530622774e-05
275 3.16741863912e-05
276 2.02927902926e-05
277 7.39546870117e-05
278 4.76617297442e-05
279 2.62766228368e-05
280 5.51106573288e-05
281 1.41310462549e-05
282 1.90823423816e-05
283 9.75548226834e-06
284 0
285 0
286 -2.02648392634e-06
287 -7.21615593095e-06
288 -4.16027674029e-05
289 0
290 0
291 0
292 0
293 0
294 0
295 0
296 0
297 0
298 0
299 0
300 0
301 0
302 0
303 0
304 2.78103943016e-05
305 -1.34791266143e-05
306 -4.30321418079e-05
307 0
308 -4.67596482424e-05
309 1.31404799323e-05
310 0
311 0
312 -1.94135881476e-05
313 -2.94382295975e-05
314 -9.48288548017e-08
315 -1.86253180772e-05
316 -5.44019658816e-05
317 -5.61820867783e-05
318 -3.61413400427e-05
319 -2.38849313714e-06
320 -5.36520473048e-05
321 -3.89960478823e-05
322 0
323 0
324 -1.67184108163e-06
325 -2.02925159499e-06
326 -1.96923438209e-05
327 -3.26673738524e-05
328 1.55637837233e-05
329 -2.17136163964e-05
330 2.99495878554e-06
331 -1.11465003301e-05
332 2.00525569325e-06
333 -1.52109051864e-05
334 0
335 0
336 0
337 0
338 0
339 0
340 0
341 0
342 0
343 0
344 0
345 0
346 0
347 0
348 0
349 0
350 0
351 0
352 -3.01295174291e-05
353 9.62889880734e-06
354 -8.35320681683e-06
355 -2.68916419924e-05
356 -2.38018773225e-06
357 1.24687253403e-05
358 1.60216523675e-05
359 2.6736286001e-06
360 -2.20326074333e-05
361 -1.49548365889e-07
362 -6.97089424443e-06
363 5.18687217436e-06
364 4.16221228504e-06
365 -1.23157309857e-05
366 4.33043955688e-06
367 -2.12876971706e-06
368 -3.00927351256e-05
369 -8.71838832688e-06
370 -1.19004216641e-05
371 -4.26674224285e-05
372 -9.55324631506e-06
373 1.22481979975e-05
374 8.7061130286e-06
375 -7.54318639379e-06
376 -1.14543020925e-05
377 -1.87116204602e-05
378 -1.44163351692e-05
379 -1.72269127405e-05
380 -2.839666532e-05
381 -9.07333145523e-06
382 2.77223187556e-05
383 2.53990587249e-05
384 6.73870955345e-06
385 -2.95723972347e-05
386 -1.8837620221e-05
387 -3.42491881407e-05
388 0
389 0
390 -1.13867078845e-06
391 0
392 -0.000151380302796
393 -5.68013482131e-05
394 -5.04721427496e-05
395 0
396 0
397 0
398 0
399 0
400 0
401 0
402 0
403 0
404 0
405 0
406 0
407 0
408 0
409 0
410 0
411 0
412 0
413 0
414 0
415 0
416 0
417 0
418 0
419 0
420 0
421 0
422 0
423 -0.000114317645698
424 -9.2610795242e-05
425 0
426 0
427 0
428 0
429 0
430 0
431 -0.000206750628214
432 -0.00205250296683
433 -0.000155510930413
434 0
435 0
436 0
437 0
438 0
439 0
440 0
441 0
442 0
443 0
444 0
445 0
446 0
447 0
448 0
449 0
450 0
451 0
452 0
453 0
454 0
455 0
456 0
457 0
458 0
459 0
460 0
461 0
462 0
463 0
464 0
465 0
466 0
467 0
468 0
469 0
470 0
471 0
472 0
473 0
474 0
475 0
476 0
477 0
478 0
479 0
480 0
481 0
482 0
483 0
484 0
485 0
486 0
487 0
488 0
489 0
490 0
491 0
492 0
493 0
494 0
495 0
496 0
497 0
498 0
499 0
500 0
501 0
502 0
503 0
504 0
505 0
506 0
507 0
508 0
509 0
510 0
511 0
